version 4

// File extracted from /home/amedeo/Documents/programmation/OsimToBiomod/Models/Wu_Shoulder_Model_via_points.osim

gravity	0 -9.8000000000000007 0

// SEGMENT DEFINITION

// Information about thorax segment
    // Segment
    segment thorax_parent_offset
        parent ground 
        RTinMatrix    0
        RT	0.0 0.0 0.0	xyz	0.0 0.0 0.0
    endsegment

    // Segments to define transformation axis.
    // Segment
    segment thorax_translation
        parent thorax_parent_offset 
        RTinMatrix    1
        RT
            1.0    0.0    0.0    0
            0.0    1.0    0.0    0
            0.0    0.0    1.0    0
            0    0    0    1
        translations xyz
        rangesQ
               -20.0	20.0
               -2.0	4.0
               -5.0	5.0
    endsegment
// Rotation transform was initially an orthogonal basis
    // Segment
    segment thorax_rotation_transform
        parent thorax_translation 
        RTinMatrix    1
        RT
            0.0    1.0    0.0    0
            0.0    0.0    1.0    0
            1.0    0.0    0.0    0
            0    0    0    1
        rotations xyz
        rangesQ
               -1.5708	1.5708
               -1.5708	1.5708
               -1.5708	1.5708
    endsegment

    // Segment to cancel transformation bases effect.
    // Segment
    segment thorax_reset_axis
        parent thorax_rotation_transform 
        RTinMatrix    1
        RT
            0.0    0.0    1.0    0
            1.0    0.0    0.0    0
            0.0    1.0    0.0    0
            0    0    0    1
    endsegment

    //True segment where are applied inertial values.
    // Segment
    segment thorax
        parent thorax_reset_axis 
        RTinMatrix    0
        RT	-0.0 -0.0 -0.0	xyz	0.0 0.0 0.0
        mass 20
        inertia
            1.4745    0.0    0.0
            0.0    0.7555    0.0
            0.0    0.0    1.4314
        com    0 -0.002 0
        meshfile Geometry/thorax.vtp
    endsegment

    // Markers
    marker    STER
        parent    thorax
        position    0.02 0 0
    endmarker

    marker    XIPH
        parent    thorax
        position    0.084984100000000007 -0.16849500000000001 0
    endmarker

    marker    C7
        parent    thorax
        position    -0.099898899999999999 0.0387645 0
    endmarker

    marker    T10
        parent    thorax
        position    -0.12478099822998047 -0.13142423785852059 0
    endmarker

    marker    RibL
        parent    thorax
        position    -0.037349 -0.26577699999999999 -0.138098
    endmarker

// Information about clavicle segment
    // Segment
    segment clavicle_parent_offset
        parent thorax 
        RTinMatrix    0
        RT	0.0 0.0 0.0	xyz	0.006325 0.00693 0.025465
    endsegment

    // Segments to define transformation axis.
    // Segment
    segment clavicle_translation
        parent clavicle_parent_offset 
        RTinMatrix    1
        RT
            1.0    0.0    0.0    0
            0.0    1.0    0.0    0
            0.0    0.0    1.0    0
            0    0    0    1
        rangesQ
    endsegment
    // Segment
    segment clavicle_sternoclavicular_r1
        parent clavicle_translation 
        RTinMatrix    1
        RT
            0.015299995322998767    0.35848147471177466    0.9334114539856405    0
            0.9892986975709203    0.13004233140205107    -0.06615949688442375    0
            -0.1450999556429883    0.9244349757186768    -0.3526556089734182    0
            0    0    0    1
        rotations x
        rangesQ
               -1.570796326795	1.570796326795
    endsegment
    // Segment
    segment clavicle_sternoclavicular_r2
        parent clavicle_sternoclavicular_r1 
        RTinMatrix    1
        RT
            0.5638744849737382    1.9627784775204602e-05    -0.8258604996065324    0
            0.7360319649303387    -0.4535628386205983    0.5025312905911525    0
            -0.3745697689301499    -0.8912242989490217    -0.25576695870741195    0
            0    0    0    1
        rotations y
        rangesQ
               -1.570796326795	1.570796326795
    endsegment
    // Segment
    segment clavicle_sternoclavicular_r3
        parent clavicle_sternoclavicular_r2 
        RTinMatrix    1
        RT
            -0.16764041934876028    0.5388051143731605    0.8255820604433564    0
            -0.9548807607886104    -0.2969894406852133    -6.926217681834992e-05    0
            0.24515183555571607    -0.788344037109947    0.5642820719080606    0
            0    0    0    1
        rotations z
        rangesQ
               -1.570796326795	1.570796326795
    endsegment

    // Segment to cancel transformation bases effect.
    // Segment
    segment clavicle_reset_axis
        parent clavicle_sternoclavicular_r3 
        RTinMatrix    1
        RT
            0.9450750635905805    -0.2938422385670649    0.14314280636188437    0
            0.30992932939876494    0.9447279601490686    -0.10692470290354822    0
            -0.1038120174049792    0.1454160243799707    0.9839091649618026    0
            0    0    0    1
    endsegment

    //True segment where are applied inertial values.
    // Segment
    segment clavicle
        parent clavicle_reset_axis 
        RTinMatrix    0
        RT	-0.0 -0.0 -0.0	xyz	0.0 0.0 0.0
        mass 0.20000000000000001
        inertia
            0.0    0.0    0.0
            0.0    0.0    0.0
            0.0    0.0    0.0
        com    -0.012720499999999999 0.0084954100000000001 0.065984600000000004
        meshfile Geometry/clavicle.vtp
    endsegment

    // Markers
    marker    CLAV_SC
        parent    clavicle
        position    0.016850316671832156 -0.00067868574127773976 0.0043648753139713036
    endmarker

    marker    CLAV_AC
        parent    clavicle
        position    -0.007596920754771295 0.020027095508203765 0.11334283326876311
    endmarker

// Information about scapula segment
    // Segment
    segment scapula_parent_offset
        parent clavicle 
        RTinMatrix    0
        RT	-0.52 0.52 0.0	xyz	-0.01433 0.02007 0.135535
    endsegment

    // Segments to define transformation axis.
    // Segment
    segment scapula_translation
        parent scapula_parent_offset 
        RTinMatrix    1
        RT
            1.0    0.0    0.0    0
            0.0    1.0    0.0    0
            0.0    0.0    1.0    0
            0    0    0    1
        rangesQ
    endsegment
// Rotation transform was initially an orthogonal basis
    // Segment
    segment scapula_rotation_transform
        parent scapula_translation 
        RTinMatrix    1
        RT
            0.0    0.0    -1.0    0
            0.0    1.0    0.0    0
            1.0    0.0    0.0    0
            0    0    0    1
        rotations xyz
        rangesQ
               -1.570796326795	1.570796326795
               -1.570796326795	1.570796326795
               -1.570796326795	1.570796326795
    endsegment

    // Segment to cancel transformation bases effect.
    // Segment
    segment scapula_reset_axis
        parent scapula_rotation_transform 
        RTinMatrix    1
        RT
            0.0    0.0    1.0    0
            0.0    1.0    0.0    0
            -1.0    -0.0    -0.0    0
            0    0    0    1
    endsegment

    //True segment where are applied inertial values.
    // Segment
    segment scapula
        parent scapula_reset_axis 
        RTinMatrix    0
        RT	0.5832133965420941 -0.4458246964234714 0.27717166315597463	xyz	-0.0 -0.0 -0.0
        mass 0.5
        inertia
            0.0    0.0    0.0
            0.0    0.0    0.0
            0.0    0.0    0.0
        com    -0.071999999999999995 -0.039 -0.065000000000000002
        meshfile Geometry/scapula.vtp
    endsegment

    // Markers
    marker    SCAP_IA
        parent    scapula
        position    -0.126717 -0.125 -0.077119599999999996
    endmarker

    marker    SCAP_TS
        parent    scapula
        position    -0.098463899999999993 -0.012015400000000001 -0.096422900000000006
    endmarker

    marker    Acrom
        parent    scapula
        position    -0.0117397 0.0154095 -0.001193
    endmarker

    marker    SCAP_AA
        parent    scapula
        position    -0.061605300000000002 0 -0.012528600000000001
    endmarker

// Information about humerus segment
    // Segment
    segment humerus_parent_offset
        parent scapula 
        RTinMatrix    0
        RT	0.0 0.0 0.0	xyz	-0.00955 -0.034 0.009
    endsegment

    // Segments to define transformation axis.
    // Segment
    segment humerus_translation
        parent humerus_parent_offset 
        RTinMatrix    1
        RT
            1.0    0.0    0.0    0
            0.0    1.0    0.0    0
            0.0    0.0    1.0    0
            0    0    0    1
        rangesQ
    endsegment
    // Segment
    segment humerus_shoulder_plane
        parent humerus_translation 
        RTinMatrix    1
        RT
            9.999999900000002e-05    -0.2950764724219916    0.9554736340804983    0
            0.9999999900000002    -6.603971646092711e-05    -0.0001250550096947754    0
            9.999999900000002e-05    0.9554736370312628    0.2950764628672554    0
            0    0    0    1
        rotations x
        rangesQ
               -1.9	0.35
    endsegment
    // Segment
    segment humerus_shoulder_ele
        parent humerus_shoulder_plane 
        RTinMatrix    1
        RT
            0.3590082056978056    9.9999999e-05    -0.9333343978669393    0
            0.8917668388660163    0.29507295321462496    0.3430508087442906    0
            0.2754360421959231    -0.9554747209011865    0.10584443480054029    0
            0    0    0    1
        rotations y
        rangesQ
               -0.3	3.0
    endsegment
    // Segment
    segment humerus_shoulder_rotation
        parent humerus_shoulder_ele 
        RTinMatrix    1
        RT
            0.5471477350899236    0.756180845074759    0.358914872258019    0
            0.8101616755301606    -0.5862064990275715    -2.697855699284562e-18    0
            0.21039823071530142    0.29077907428125027    -0.9333702986875092    0
            0    0    0    1
        rotations z
        rangesQ
               0.0	3.0
    endsegment

    // Segment to cancel transformation bases effect.
    // Segment
    segment humerus_reset_axis
        parent humerus_shoulder_rotation 
        RTinMatrix    1
        RT
            -0.8101638067160498    0.00016203284500385042    0.5862035312352841    0
            0.5862035195111107    -0.00011724121659278829    0.8101638229193425    0
            0.00020000036431984318    0.9999999799999268    3.6632122237007976e-10    0
            0    0    0    1
    endsegment

    //True segment where are applied inertial values.
    // Segment
    segment humerus
        parent humerus_reset_axis 
        RTinMatrix    0
        RT	-0.0 -0.0 -0.0	xyz	0.0 0.0 0.0
        mass 2.0325000000000002
        inertia
            0.011946    0.0    0.0
            0.0    0.004121    0.0
            0.0    0.0    0.013409
        com    0 -0.16450200000000001 0
        meshfile Geometry/humerus.vtp
    endsegment

    // Markers
    marker    EPICl
        parent    humerus
        position    -0.0094649399999999998 -0.27348699999999998 0.0307692
    endmarker

    marker    EPICm
        parent    humerus
        position    0.011883899999999999 -0.28972100000000001 -0.049107999999999999
    endmarker

    marker    LARM_elb
        parent    humerus
        position    -0.035319999999999997 -0.277505 -0.015446100000000001
    endmarker

    marker    elb_in
        parent    humerus
        position    0.046129000000000003 -0.27843400000000001 0.00161575
    endmarker

    marker    GH
        parent    humerus
        position    0 0 0
    endmarker

    marker    DELT
        parent    humerus
        position    0.0050001067123125733 -0.10453396465085869 0.016080804899861412
    endmarker

    marker    ARMl
        parent    humerus
        position    0.0050071419965700276 -0.13971033083152462 0.016231354856818273
    endmarker

// Information about ulna segment
    // Segment
    segment ulna_parent_offset
        parent humerus 
        RTinMatrix    0
        RT	0.0 0.0 0.0	xyz	0.0061 -0.2904 -0.0123
    endsegment

    // Segments to define transformation axis.
    // Segment
    segment ulna_translation
        parent ulna_parent_offset 
        RTinMatrix    1
        RT
            1.0    0.0    0.0    0
            0.0    1.0    0.0    0
            0.0    0.0    1.0    0
            0    0    0    1
        rangesQ
    endsegment
    // Segment
    segment ulna_rotation1
        parent ulna_translation 
        RTinMatrix    1
        RT
            1.0    0.0    0.0    0
            0.0    0.9205700527063577    -0.390577493028226    0
            0.0    0.390577493028226    0.9205700527063577    0
            0    0    0    1
    endsegment
    // Segment
    segment ulna_rotation2
        parent ulna_rotation1 
        RTinMatrix    1
        RT
            0.7677734170983959    0.0    -0.6407214527367198    0
            0.25025137873931097    0.9205700527063577    0.29987501646400594    0
            0.5898289815159361    -0.390577493028226    0.7067892150448105    0
            0    0    0    1
    endsegment
    // Segment
    segment ulna_elbow_flexion
        parent ulna_rotation2 
        RTinMatrix    1
        RT
            0.16578698669518022    0.7166542163183566    0.677437384025752    0
            -0.9806605599998727    0.19226363512249875    0.036600009155992465    0
            -0.10401702314173474    -0.670403929614531    0.7346693338190502    0
            0    0    0    1
        rotations z
        rangesQ
               0.0	2.268928027593
    endsegment

    // Segment to cancel transformation bases effect.
    // Segment
    segment ulna_reset_axis
        parent ulna_elbow_flexion 
        RTinMatrix    1
        RT
            0.19393277946212611    -0.9806605599998723    0.026361773666246553    0
            0.9797702362437454    0.19226363512249858    -0.05554258528694791    0
            0.04940001235799007    0.036600009155992465    0.9981082496947973    0
            0    0    0    1
    endsegment

    //True segment where are applied inertial values.
    // Segment
    segment ulna
        parent ulna_reset_axis 
        RTinMatrix    0
        RT	-0.0 -0.0 -0.0	xyz	0.0 0.0 0.0
        mass 0.60750000000000004
        inertia
            0.002962    0.0    0.0
            0.0    0.000618    0.0
            0.0    0.0    0.003213
        com    0 -0.12052499999999999 0
        meshfile Geometry/ulna.vtp
    endsegment

    // Markers
    marker    STYLu
        parent    ulna
        position    -0.0125907 -0.24309500000000001 0.048703099999999999
    endmarker

    marker    Elb
        parent    ulna
        position    0 0 0
    endmarker

// Information about radius segment
    // Segment
    segment radius_parent_offset
        parent ulna 
        RTinMatrix    0
        RT	0.0 0.0 0.0	xyz	0.0004 -0.011503 0.019999
    endsegment

    // Segments to define transformation axis.
    // Segment
    segment radius_translation
        parent radius_parent_offset 
        RTinMatrix    1
        RT
            1.0    0.0    0.0    0
            0.0    1.0    0.0    0
            0.0    0.0    1.0    0
            0    0    0    1
        rangesQ
    endsegment
    // Segment
    segment radius_rotation1
        parent radius_translation 
        RTinMatrix    1
        RT
            1.0    0.0    0.0    0
            0.0    0.3752878412249942    -0.9269083213720133    0
            0.0    0.9269083213720133    0.3752878412249942    0
            0    0    0    1
    endsegment
    // Segment
    segment radius_pro_sup
        parent radius_rotation1 
        RTinMatrix    1
        RT
            0.40313867878063586    -0.01716099384199165    -0.9149779811347148    0
            0.8850425877201235    0.2616141213153165    0.3850424255196853    0
            0.23276344986417166    -0.9650199748288996    0.12065498161517904    0
            0    0    0    1
        rotations y
        rangesQ
               -1.570796326795	1.570796326795
    endsegment
    // Segment
    segment radius_rotation3
        parent radius_pro_sup 
        RTinMatrix    1
        RT
            -0.00119279816490782    0.4196036791557371    0.9077066319420098    0
            -0.9592025161224754    0.256144711282764    -0.11966795705694172    0
            -0.28271736822637966    -0.870817224979409    0.4021793758788619    0
            0    0    0    1
        rangesQ
               -1.570796326795	1.570796326795
    endsegment

    // Segment to cancel transformation bases effect.
    // Segment
    segment radius_reset_axis
        parent radius_rotation3 
        RTinMatrix    1
        RT
            0.2746601722076404    -0.9615413614623498    1.095837724288072e-16    0
            0.9615413614623498    0.27466017220764044    -2.948752355742744e-17    0
            -9.602616209457443e-17    -1.3386988490662275e-17    1.0    0
            0    0    0    1
    endsegment

    //True segment where are applied inertial values.
    // Segment
    segment radius
        parent radius_reset_axis 
        RTinMatrix    0
        RT	-0.0 -0.0 -0.0	xyz	0.0 0.0 0.0
        mass 0.60750000000000004
        inertia
            0.002962    0.0    0.0
            0.0    0.000618    0.0
            0.0    0.0    0.003213
        com    0 -0.12052499999999999 0
        meshfile Geometry/radius.vtp
    endsegment

    // Markers
    marker    STYLr
        parent    radius
        position    0.0519996 -0.231152 0.020723700000000001
    endmarker

    marker    wri_out
        parent    radius
        position    0.0219753 -0.22964399999999999 0.050277700000000002
    endmarker

// Information about hand_r segment
    // Segment
    segment hand_r_parent_offset
        parent radius 
        RTinMatrix    0
        RT	0.0 0.0 0.0	xyz	0.0171149 -0.2301 0.0237707
    endsegment

    //True segment where are applied inertial values.
    // Segment
    segment hand_r
        parent hand_r_parent_offset 
        RTinMatrix    0
        RT	-0.0 -0.0 -0.0	xyz	0.0 0.0 0.0
        mass 0.45750000000000002
        inertia
            0.000892    0.0    0.0
            0.0    0.000547    0.0
            0.0    0.0    0.00134
        com    0 -0.068095000000000003 0
        meshfile Geometry/pisiform.vtp
    endsegment

    // Markers
// MUSCLE DEFINIION

// thorax > scapula
musclegroup thorax_to_scapula
    OriginParent        thorax
    InsertionParent        scapula
endmusclegroup

    muscle    LVS
        Type    hillthelen
        statetype    buchanan
        musclegroup    thorax_to_scapula
        OriginPosition    -0.037262999999999998 0.094437800000000002 0.022543799999999999
        InsertionPosition    -0.067647100000000002 0.00067233600000000005 -0.095653500000000002
        optimalLength    0.14754435798429999
        maximalForce    169.95639725599801
        tendonSlackLength    0.0052168109293535001
        pennationAngle    0
    endmuscle


    muscle    TRP2
        Type    hillthelen
        statetype    buchanan
        musclegroup    thorax_to_scapula
        OriginPosition    -0.077472100000000002 0.031457800000000001 0.0035691299999999998
        InsertionPosition    -0.039 -0.0025817000000000001 -0.01
        optimalLength    0.088115490880379399
        maximalForce    162.449964047061
        tendonSlackLength    0.044218348811181203
        pennationAngle    0
    endmuscle


    muscle    TRP3
        Type    hillthelen
        statetype    buchanan
        musclegroup    thorax_to_scapula
        OriginPosition    -0.0921656 -0.015404899999999999 0.0025060199999999999
        InsertionPosition    -0.058344 -0.0065095400000000003 -0.044415700000000002
        optimalLength    0.081157660498429401
        maximalForce    155.28316683500699
        tendonSlackLength    0.019743271819499801
        pennationAngle    0
    endmuscle


    muscle    TRP4
        Type    hillthelen
        statetype    buchanan
        musclegroup    thorax_to_scapula
        OriginPosition    -0.115981 -0.10556400000000001 0.00068362499999999999
        InsertionPosition    -0.079191899999999996 -0.0129439 -0.078900100000000001
        optimalLength    0.12821269837733401
        maximalForce    557.24345537557701
        tendonSlackLength    0.0050000000000000001
        pennationAngle    0
    endmuscle


    muscle    RMN
        Type    hillthelen
        statetype    buchanan
        musclegroup    thorax_to_scapula
        OriginPosition    -0.063 0.055961700000000003 0.0030000000000000001
        InsertionPosition    -0.079057000000000002 -0.0131532 -0.100259
        optimalLength    0.107281716756964
        maximalForce    301.61706145578802
        tendonSlackLength    0.022972763566619502
        pennationAngle    0
    endmuscle


    muscle    RMJ1
        Type    hillthelen
        statetype    buchanan
        musclegroup    thorax_to_scapula
        OriginPosition    -0.079058900000000001 0.0094400400000000002 0.00143378
        InsertionPosition    -0.0903423 -0.042264400000000001 -0.10417800000000001
        optimalLength    0.088551225290818103
        maximalForce    185.935898822876
        tendonSlackLength    0.0243830278041587
        pennationAngle    0
    endmuscle


    muscle    RMJ2
        Type    hillthelen
        statetype    buchanan
        musclegroup    thorax_to_scapula
        OriginPosition    -0.086999999999999994 -0.025000000000000001 0.00143378
        InsertionPosition    -0.10000000000000001 -0.099000000000000005 -0.097000000000000003
        optimalLength    0.088164369307576401
        maximalForce    111.570078855478
        tendonSlackLength    0.045992654082934598
        pennationAngle    0
    endmuscle


    muscle    SRA1
        Type    hillthelen
        statetype    buchanan
        musclegroup    thorax_to_scapula
        OriginPosition    -0.001 -0.056166300000000002 0.11981899999999999
        InsertionPosition    -0.087849800000000006 -0.047246499999999997 -0.098575599999999999
        optimalLength    0.085208971945709394
        maximalForce    365.11775335508798
        tendonSlackLength    0.069800619792921903
        pennationAngle    0
    endmuscle

        viapoint    SRA1-P3
            parent    thorax
            muscle    SRA1
            musclegroup    thorax_to_scapula
            position    -0.034000000000000002 -0.041000000000000002 0.12
        endviapoint
        viapoint    SRA1-P5
            parent    thorax
            muscle    SRA1
            musclegroup    thorax_to_scapula
            position    -0.070000000000000007 -0.029000000000000001 0.091999999999999998
        endviapoint

    muscle    SRA2
        Type    hillthelen
        statetype    buchanan
        musclegroup    thorax_to_scapula
        OriginPosition    -0.00062592300000000002 -0.102011 0.137825
        InsertionPosition    -0.093100100000000005 -0.062290100000000001 -0.098518300000000003
        optimalLength    0.12805647309622101
        maximalForce    179.96260532400399
        tendonSlackLength    0.042098719661392399
        pennationAngle    0
    endmuscle

        viapoint    SRA2-P3
            parent    thorax
            muscle    SRA2
            musclegroup    thorax_to_scapula
            position    -0.050999999999999997 -0.071999999999999995 0.123
        endviapoint
        viapoint    SRA2-P4
            parent    thorax
            muscle    SRA2
            musclegroup    thorax_to_scapula
            position    -0.075999999999999998 -0.053999999999999999 0.10199999999999999
        endviapoint

    muscle    SRA3
        Type    hillthelen
        statetype    buchanan
        musclegroup    thorax_to_scapula
        OriginPosition    -0.011373400000000001 -0.16181699999999999 0.148868
        InsertionPosition    -0.096883499999999997 -0.077418799999999996 -0.098242399999999994
        optimalLength    0.133140371515546
        maximalForce    377.92166433725902
        tendonSlackLength    0.0087584648393928804
        pennationAngle    0
    endmuscle

        viapoint    SRA3-P2
            parent    thorax
            muscle    SRA3
            musclegroup    thorax_to_scapula
            position    -0.056000000000000001 -0.114 0.129
        endviapoint
        viapoint    SRA3-P4
            parent    thorax
            muscle    SRA3
            musclegroup    thorax_to_scapula
            position    -0.085999999999999993 -0.078 0.11
        endviapoint

// thorax > clavicle
musclegroup thorax_to_clavicle
    OriginParent        thorax
    InsertionParent        clavicle
endmusclegroup

    muscle    TRP1
        Type    hillthelen
        statetype    buchanan
        musclegroup    thorax_to_clavicle
        OriginPosition    -0.058960100000000001 0.0968498 0.0019247699999999999
        InsertionPosition    -0.030597800000000001 0.024845900000000001 0.098256899999999994
        optimalLength    0.103190325971658
        maximalForce    280.56713981164
        tendonSlackLength    0.0154564093869237
        pennationAngle    0
    endmuscle


    muscle    SBCL
        Type    hillthelen
        statetype    buchanan
        musclegroup    thorax_to_clavicle
        OriginPosition    -0.000927862 -0.013199000000000001 0.0391262
        InsertionPosition    -0.0157477 0.0090854600000000001 0.075709299999999993
        optimalLength    0.024138147074363799
        maximalForce    195.80764894274199
        tendonSlackLength    0.044010927309290501
        pennationAngle    0
    endmuscle


// scapula > thorax
musclegroup scapula_to_thorax
    OriginParent        scapula
    InsertionParent        thorax
endmusclegroup

    muscle    PMN
        Type    hillthelen
        statetype    buchanan
        musclegroup    scapula_to_thorax
        OriginPosition    0.012 -0.041270000000000001 -0.026519999999999998
        InsertionPosition    0.032445000000000002 -0.075078199999999998 0.0894181
        optimalLength    0.11506965743681
        maximalForce    218.72293530659101
        tendonSlackLength    0.0050000000000000001
        pennationAngle    0
    endmuscle


// humerus > clavicle
musclegroup humerus_to_clavicle
    OriginParent        humerus
    InsertionParent        clavicle
endmusclegroup

    muscle    DELT1
        Type    hillthelen
        statetype    buchanan
        musclegroup    humerus_to_clavicle
        OriginPosition    0.0045591099999999999 -0.103949 0.0077551599999999997
        InsertionPosition    -0.024168499999999999 0.019284200000000001 0.099015000000000006
        optimalLength    0.17519999999999999
        maximalForce    556.79999999999995
        tendonSlackLength    0.031300000000000001
        pennationAngle    0.383972435439
    endmuscle

        viapoint    DELT1-P3
            parent    clavicle
            muscle    DELT1
            musclegroup    humerus_to_clavicle
            position    0.0065313002029060031 -0.0094779193120770842 0.13982975906663883
        endviapoint

    muscle    PECM1
        Type    hillthelen
        statetype    buchanan
        musclegroup    humerus_to_clavicle
        OriginPosition    0.016 -0.040495700000000003 0.0050000000000000001
        InsertionPosition    0.00110542 0.0060833399999999996 0.0513213
        optimalLength    0.10249999999999999
        maximalForce    983.39999999999998
        tendonSlackLength    0.048000000000000001
        pennationAngle    0.29670597283900002
    endmuscle

        viapoint    PECM1-P2
            parent    clavicle
            muscle    PECM1
            musclegroup    humerus_to_clavicle
            position    0.0064232775425297961 -0.0093890912068523239 0.077958002611373603
        endviapoint

// humerus > scapula
musclegroup humerus_to_scapula
    OriginParent        humerus
    InsertionParent        scapula
endmusclegroup

    muscle    DELT2
        Type    hillthelen
        statetype    buchanan
        musclegroup    humerus_to_scapula
        OriginPosition    0.0045591099999999999 -0.103949 0.0077551599999999997
        InsertionPosition    -0.027529399999999999 -0.0032022000000000001 0.0014263399999999999
        optimalLength    0.1318
        maximalForce    1098.4000000000001
        tendonSlackLength    0.046699999999999998
        pennationAngle    0.26179938779900003
    endmuscle

        viapoint    default
            parent    humerus
            muscle    DELT2
            musclegroup    humerus_to_scapula
            position    0.0056957415548521658 -0.052561409965601387 0.023553919935946514
        endviapoint
        viapoint    DELT2-P3
            parent    scapula
            muscle    DELT2
            musclegroup    humerus_to_scapula
            position    -0.0079390994991954296 -0.00050516980262226593 0.024323946091160252
        endviapoint

    muscle    SUPSP
        Type    hillthelen
        statetype    buchanan
        musclegroup    humerus_to_scapula
        OriginPosition    0.014254899999999999 0.0168443 0.020943799999999999
        InsertionPosition    -0.067039799999999997 -0.011589500000000001 -0.064497399999999996
        optimalLength    0.11650000000000001
        maximalForce    410.69999999999999
        tendonSlackLength    0.024799999999999999
        pennationAngle    0.12217304764
    endmuscle

        viapoint    SUPSP-P2
            parent    humerus
            muscle    SUPSP
            musclegroup    humerus_to_scapula
            position    0.0035658 0.0312313 0.0055174999999999998
        endviapoint
        viapoint    SUPSP-P2_0
            parent    scapula
            muscle    SUPSP
            musclegroup    humerus_to_scapula
            position    -0.056179699999999999 -0.00133709 -0.040703799999999998
        endviapoint

    muscle    INFSP
        Type    hillthelen
        statetype    buchanan
        musclegroup    humerus_to_scapula
        OriginPosition    -0.0050975700000000001 0.0080408700000000003 0.026396699999999999
        InsertionPosition    -0.087984999999999994 -0.054552799999999999 -0.069353200000000004
        optimalLength    0.1323
        maximalForce    864.60000000000002
        tendonSlackLength    0.033700000000000001
        pennationAngle    0.32288591161899999
    endmuscle

        viapoint    INFSP-P2
            parent    scapula
            muscle    INFSP
            musclegroup    humerus_to_scapula
            position    -0.042663899999999998 -0.048485500000000001 -0.021904900000000001
        endviapoint

    muscle    SUBSC
        Type    hillthelen
        statetype    buchanan
        musclegroup    humerus_to_scapula
        OriginPosition    0.0199995 -0.0083117299999999998 -0.00174873
        InsertionPosition    -0.071999999999999995 -0.039 -0.065000000000000002
        optimalLength    0.16320000000000001
        maximalForce    944.29999999999995
        tendonSlackLength    0.0074999999999999997
        pennationAngle    0.34906585039900001
    endmuscle

        viapoint    SUBSC-P2
            parent    humerus
            muscle    SUBSC
            musclegroup    humerus_to_scapula
            position    0.0074314300000000002 0.010374599999999999 -0.022685500000000001
        endviapoint
        viapoint    default
            parent    scapula
            muscle    SUBSC
            musclegroup    humerus_to_scapula
            position    -0.039108799999999999 -0.032287999999999997 -0.033371400000000002
        endviapoint

    muscle    TMIN
        Type    hillthelen
        statetype    buchanan
        musclegroup    humerus_to_scapula
        OriginPosition    0.00655633 -0.00365417 0.021678099999999999
        InsertionPosition    -0.082000400000000001 -0.067481100000000002 -0.040930599999999998
        optimalLength    0.0453
        maximalForce    605.39999999999998
        tendonSlackLength    0.1038
        pennationAngle    0.418879020479
    endmuscle

        viapoint    TMIN-P1_0
            parent    humerus
            muscle    TMIN
            musclegroup    humerus_to_scapula
            position    -0.0084773100000000001 -0.0141768 0.0268849
        endviapoint
        viapoint    TMIN-P2
            parent    scapula
            muscle    TMIN
            musclegroup    humerus_to_scapula
            position    -0.075018899999999999 -0.052650799999999998 -0.010267800000000001
        endviapoint

    muscle    TMAJ
        Type    hillthelen
        statetype    buchanan
        musclegroup    humerus_to_scapula
        OriginPosition    0.003699 -0.044999999999999998 -0.0067630399999999997
        InsertionPosition    -0.104709 -0.10775700000000001 -0.071155499999999997
        optimalLength    0.13880000000000001
        maximalForce    234.90000000000001
        tendonSlackLength    0.053699999999999998
        pennationAngle    0.27925268031900002
    endmuscle

        viapoint    default
            parent    scapula
            muscle    TMAJ
            musclegroup    humerus_to_scapula
            position    -0.045351900000000001 -0.106216 -0.00247153
        endviapoint

// scapula > humerus
musclegroup scapula_to_humerus
    OriginParent        scapula
    InsertionParent        humerus
endmusclegroup

    muscle    DELT3
        Type    hillthelen
        statetype    buchanan
        musclegroup    scapula_to_humerus
        OriginPosition    -0.059062499999999997 -0.0015687100000000001 -0.038460599999999998
        InsertionPosition    0.0050000000000000001 -0.103949 0.0077551599999999997
        optimalLength    0.12280000000000001
        maximalForce    944.70000000000005
        tendonSlackLength    0.097500000000000003
        pennationAngle    0.31415926535900002
    endmuscle

        viapoint    DELT3-P2
            parent    scapula
            muscle    DELT3
            musclegroup    scapula_to_humerus
            position    -0.062898647187902362 -0.030163357415442696 0.0059772801399230954
        endviapoint
        viapoint    DELT3-P2_0
            parent    humerus
            muscle    DELT3
            musclegroup    scapula_to_humerus
            position    -0.01858449942332752 -0.049701999661954994 0.012320282465481228
        endviapoint

    muscle    CORB
        Type    hillthelen
        statetype    buchanan
        musclegroup    scapula_to_humerus
        OriginPosition    0.012500000000000001 -0.041270000000000001 -0.026519999999999998
        InsertionPosition    0 -0.128 -0.0116594
        optimalLength    0.083199999999999996
        maximalForce    306.89999999999998
        tendonSlackLength    0.061499999999999999
        pennationAngle    0
    endmuscle


// scapula > radius
musclegroup scapula_to_radius
    OriginParent        scapula
    InsertionParent        radius
endmusclegroup

    muscle    bic_l
        Type    hillthelen
        statetype    buchanan
        musclegroup    scapula_to_radius
        OriginPosition    -0.035394200000000001 -0.0266676 -0.0147901
        InsertionPosition    -0.0022477899999999999 -0.042146200000000002 -0.0022477899999999999
        optimalLength    0.16500000000000001
        maximalForce    624.29999999999995
        tendonSlackLength    0.27562999999999999
        pennationAngle    0
    endmuscle

        viapoint    bic_l-P2
            parent    humerus
            muscle    bic_l
            musclegroup    scapula_to_radius
            position    0.0116344 0.029984 -0.0026990899999999999
        endviapoint
        viapoint    bic_l-P3
            parent    humerus
            muscle    bic_l
            musclegroup    scapula_to_radius
            position    0.0223001 0.018556300000000001 0.00039180299999999998
        endviapoint
        viapoint    bic_l-P4
            parent    humerus
            muscle    bic_l
            musclegroup    scapula_to_radius
            position    0.029886099999999999 2.17669e-05 0.00016325199999999999
        endviapoint
        viapoint    bic_l-P5
            parent    humerus
            muscle    bic_l
            musclegroup    scapula_to_radius
            position    0.013506300000000001 -0.041444099999999998 -0.0048757799999999997
        endviapoint
        viapoint    bic_l-P6
            parent    humerus
            muscle    bic_l
            musclegroup    scapula_to_radius
            position    0.012570400000000001 -0.084564200000000006 -0.0025902500000000001
        endviapoint
        viapoint    bic_l-P7
            parent    humerus
            muscle    bic_l
            musclegroup    scapula_to_radius
            position    0.018534399999999999 -0.13196099999999999 0.000261203
        endviapoint
        viapoint    bic_l-P8
            parent    humerus
            muscle    bic_l
            musclegroup    scapula_to_radius
            position    0.0248144 -0.19089400000000001 -0.0068565700000000002
        endviapoint
        viapoint    bic_l-P9
            parent    humerus
            muscle    bic_l
            musclegroup    scapula_to_radius
            position    0.023584999999999998 -0.29429899999999998 -0.0112797
        endviapoint

    muscle    bic_s
        Type    hillthelen
        statetype    buchanan
        musclegroup    scapula_to_radius
        OriginPosition    0.0143708 -0.0445517 -0.0297503
        InsertionPosition    -0.0022477899999999999 -0.042146200000000002 -0.0022477899999999999
        optimalLength    0.17999999999999999
        maximalForce    435.56
        tendonSlackLength    0.19497
        pennationAngle    0
    endmuscle

        viapoint    bic_s-P2
            parent    humerus
            muscle    bic_s
            musclegroup    scapula_to_radius
            position    0.012156699999999999 -0.082452899999999996 -0.0119826
        endviapoint
        viapoint    bic_s-P3
            parent    humerus
            muscle    bic_s
            musclegroup    scapula_to_radius
            position    0.018534399999999999 -0.13196099999999999 -0.011743200000000001
        endviapoint
        viapoint    bic_s-P4
            parent    humerus
            muscle    bic_s
            musclegroup    scapula_to_radius
            position    0.0248144 -0.19089400000000001 -0.0068565700000000002
        endviapoint
        viapoint    bic_s-P5
            parent    humerus
            muscle    bic_s
            musclegroup    scapula_to_radius
            position    0.0184577 -0.29224800000000001 -0.0061525800000000004
        endviapoint

// humerus > thorax
musclegroup humerus_to_thorax
    OriginParent        humerus
    InsertionParent        thorax
endmusclegroup

    muscle    PECM2
        Type    hillthelen
        statetype    buchanan
        musclegroup    humerus_to_thorax
        OriginPosition    0.016 -0.035495699999999998 0.0050000000000000001
        InsertionPosition    0.0248658 -0.047583199999999999 0.0174664
        optimalLength    0.14000000000000001
        maximalForce    699.70000000000005
        tendonSlackLength    0.095500000000000002
        pennationAngle    0.43633231299899999
    endmuscle

        viapoint    PECM2-P2
            parent    thorax
            muscle    PECM2
            musclegroup    humerus_to_thorax
            position    0.042317199999999999 -0.043471200000000002 0.080812499999999995
        endviapoint

    muscle    PECM3
        Type    hillthelen
        statetype    buchanan
        musclegroup    humerus_to_thorax
        OriginPosition    0.016 -0.029999999999999999 0.0050000000000000001
        InsertionPosition    0.062654299999999996 -0.147759 0.022060199999999999
        optimalLength    0.18129999999999999
        maximalForce    446.69999999999999
        tendonSlackLength    0.098799999999999999
        pennationAngle    0.43633231299899999
    endmuscle

        viapoint    PECM3-P2
            parent    thorax
            muscle    PECM3
